   0.0000000000000000     
   8.7259459970279174E-004
   1.7454488072174978E-003
   2.6188225374457197E-003
   3.4929763202224962E-003
   4.3681716097054846E-003
   5.2446710960794007E-003
   6.1227390203570931E-003
   7.0026414930839387E-003
   7.8846468177586893E-003
   8.7690258198076521E-003
   9.6560521819766265E-003
   1.0546002787023667E-002
   1.1439158068640598E-002
   1.2335802371555626E-002
   1.3236224321818479E-002
   1.4140717208308562E-002
   1.5049579376563926E-002
   1.5963114636079245E-002
   1.6881632682288927E-002
   1.7805449534513684E-002
   1.8734887991224136E-002
   1.9670278104071404E-002
   2.0611957672199699E-002
   2.1560272758481158E-002
   2.2515578229401534E-002
   2.3478238320458367E-002
   2.4448627229053166E-002
   2.5427129737004783E-002
   2.6414141864969043E-002
   2.7410071561216665E-002
   2.8415339427402486E-002
   2.9430379484173264E-002
   3.0455639979674931E-002
   3.1491584244267790E-002
   3.2538691595020319E-002
   3.3597458293859628E-002
   3.4668398563552305E-002
   3.5752045666074483E-002
   3.6848953048288280E-002
   3.7959695560287887E-002
   3.9084870752241763E-002
   4.0225100256071400E-002
   4.1381031258888257E-002
   4.2553338075721925E-002
   4.3742723829788499E-002
   4.4949922249309493E-002
   4.6175699590727426E-002
   4.7420856699140757E-002
   4.8686231217791587E-002
   4.9972699959633715E-002
   5.1281181455269831E-002
   5.2612638693014802E-002
   5.3968082068422962E-002
   5.5348572562415210E-002
   5.6755225169137224E-002
   5.8189212596920559E-002
   5.9651769268208366E-002
   6.1144195647132360E-002
   6.2667862926568896E-002
   6.4224218110046971E-002
   6.5814789527891104E-002
   6.7441192831473096E-002
   6.9105137514533510E-002
   7.0808434016313537E-002
   7.2553001467744682E-002
   7.4340876149352919E-002
   7.6174220737971865E-002
   7.8055334428922762E-002
   7.9986664031287624E-002
   8.1970816146379688E-002
   8.4010570553844310E-002
   8.6108894946227643E-002
   8.8268961171724447E-002
   9.0494163166510599E-002
   9.2788136783144903E-002
   9.5154781750442119E-002
   9.7598286033786508E-002
  0.10012315290372564     
  0.10273423106598800     
  0.10543674825877636     
  0.10823634878481347     
  0.11113913551773802     
  0.11415171700704452     
  0.11728126040525022     
  0.12053555105821956     
  0.12392305973803630     
  0.12745301866177172     
  0.13113550763396598     
  0.13498155188194882     
  0.13900323342869569     
  0.14321381817701395     
  0.14762790127256920     
  0.15226157378513383     
  0.15713261431391423     
  0.16226070980361085     
  0.16766771067691000     
  0.17337792637474303     
  0.17941846858138910     
  0.18581965083626772     
  0.19261545494189392     
  0.19984407661560954     
  0.20754856524904186     
  0.21577757547501575     
  0.22458625151805567     
  0.23403726899960642     
  0.24420206287597690     
  0.25516227424372717     
  0.26701145231729706     
  0.27985704995790117     
  0.29382274990347379     
  0.30905115118485460     
  0.32570682582444266     
  0.34397971607532996     
  0.36408876813582847     
  0.38628556758796884     
  0.41085752214426785     
  0.43812978335627561     
  0.46846455553916733     
  0.50225565840225661     
  0.53991519418988165     
  0.58184808363748708     
  0.62840958840520833     
  0.67984183070386073     
  0.73618951903318930     
  0.79720436834112407     
  0.86226171481076119     
  0.93032579559080819     
   1.0000000000000013     
   1.0696742044091945     
   1.1377382851892415     
   1.2027956316588786     
   1.2638104809668134     
   1.3201581692961419     
   1.3715904115947943     
   1.4181519163625156     
   1.4600848058101210     
   1.4977443415977461     
   1.5315354444608353     
   1.5618702166437270     
   1.5891424778557348     
   1.6137144324120338     
   1.6359112318641742     
   1.6560202839246727     
   1.6742931741755600     
   1.6909488488151481     
   1.7061772500965289     
   1.7201429500421015     
   1.7329885476827056     
   1.7448377257562755     
   1.7557979371240258     
   1.7659627310003962     
   1.7754137484819470     
   1.7842224245249869     
   1.7924514347509608     
   1.8001559233843931     
   1.8073845450581087     
   1.8141803491637349     
   1.8205815314186136     
   1.8266220736252596     
   1.8323322893230927     
   1.8377392901963918     
   1.8428673856860884     
   1.8477384262148688     
   1.8523720987274335     
   1.8567861818229887     
   1.8609967665713070     
   1.8650184481180538     
   1.8688644923660367     
   1.8725469813382309     
   1.8760769402619664     
   1.8794644489417831     
   1.8827187395947524     
   1.8858482829929581     
   1.8888608644822646     
   1.8917636512151892     
   1.8945632517412263     
   1.8972657689340147     
   1.8998768470962770     
   1.9024017139662162     
   1.9048452182495605     
   1.9072118632168578     
   1.9095058368334921     
   1.9117310388282782     
   1.9138911050537750     
   1.9159894294461584     
   1.9180291838536230     
   1.9200133359687150     
   1.9219446655710799     
   1.9238257792620308     
   1.9256591238506497     
   1.9274469985322580     
   1.9291915659836891     
   1.9308948624854692     
   1.9325588071685296     
   1.9341852104721116     
   1.9357757818899557     
   1.9373321370734338     
   1.9388558043528703     
   1.9403482307317943     
   1.9418107874030821     
   1.9432447748308654     
   1.9446514274375875     
   1.9460319179315797     
   1.9473873613069879     
   1.9487188185447328     
   1.9500273000403689     
   1.9513137687822111     
   1.9525791433008619     
   1.9538243004092752     
   1.9550500777506932     
   1.9562572761702142     
   1.9574466619242807     
   1.9586189687411144     
   1.9597748997439313     
   1.9609151292477609     
   1.9620403044397148     
   1.9631510469517144     
   1.9642479543339282     
   1.9653316014364504     
   1.9664025417061430     
   1.9674613084049823     
   1.9685084157557349     
   1.9695443600203277     
   1.9705696205158294     
   1.9715846605726002     
   1.9725899284387860     
   1.9735858581350336     
   1.9745728702629979     
   1.9755513727709495     
   1.9765217616795443     
   1.9774844217706011     
   1.9784397272415215     
   1.9793880423278030     
   1.9803297218959313     
   1.9812651120087785     
   1.9821945504654890     
   1.9831183673177137     
   1.9840368853639234     
   1.9849504206234387     
   1.9858592827916941     
   1.9867637756781842     
   1.9876641976284470     
   1.9885608419313621     
   1.9894539972129790     
   1.9903439478180260     
   1.9912309741801950     
   1.9921153531822440     
   1.9929973585069187     
   1.9938772609796456     
   1.9947553289039233     
   1.9956318283902972     
   1.9965070236797802     
   1.9973811774625569     
   1.9982545511927852     
   1.9991274054002999     
   2.0000000000000000     
